100
11120000
demo_0
11120000@zju.edu.cn
12345678901
1991	11	16
19	24
0
0
35
0

11120001
demo_1
11120001@zju.edu.cn
12345678901
1980	11	15
5	45
0
0
50
0

11120002
demo_2
11120002@zju.edu.cn
12345678901
1975	2	28
45	42
0
3
50
0

11120003
demo_3
11120003@zju.edu.cn
12345678901
1953	4	5
2	3
0
0
75
0

11120004
demo_4
11120004@zju.edu.cn
12345678901
1954	10	7
18	45
0
0
75
0

11120005
demo_5
11120005@zju.edu.cn
12345678901
1997	12	27
19	12
0
2
35
0

11120006
demo_6
11120006@zju.edu.cn
12345678901
1985	8	8
3	11
0
2
50
0

11120007
demo_7
11120007@zju.edu.cn
12345678901
1952	10	10
41	11
0
0
75
0

11120008
demo_8
11120008@zju.edu.cn
12345678901
1979	12	9
12	7
0
0
50
0

11120009
demo_9
11120009@zju.edu.cn
12345678901
1971	12	8
29	28
0
1
65
0

11120010
demo_10
11120010@zju.edu.cn
12345678901
1954	3	12
38	6
0
2
75
0

11120011
demo_11
11120011@zju.edu.cn
12345678901
1990	5	11
46	5
0
0
35
0

11120012
demo_12
11120012@zju.edu.cn
12345678901
2000	11	10
6	1
0
2
35
0

11120013
demo_13
11120013@zju.edu.cn
12345678901
2007	10	21
34	4
0
3
18
0

11120014
demo_14
11120014@zju.edu.cn
12345678901
1986	11	25
31	8
0
0
50
0

11120015
demo_15
11120015@zju.edu.cn
12345678901
1974	3	16
37	38
0
3
50
0

11120016
demo_16
11120016@zju.edu.cn
12345678901
2012	10	11
33	15
0
1
12
0

11120017
demo_17
11120017@zju.edu.cn
12345678901
1981	1	7
27	6
0
2
50
0

11120018
demo_18
11120018@zju.edu.cn
12345678901
2015	6	15
24	22
0
1
12
0

11120019
demo_19
11120019@zju.edu.cn
12345678901
1956	6	6
47	12
0
1
75
0

11120020
demo_20
11120020@zju.edu.cn
12345678901
1960	6	19
5	17
0
0
65
0

11120021
demo_21
11120021@zju.edu.cn
12345678901
1989	12	7
0	0
0
0
35
0

11120022
demo_22
11120022@zju.edu.cn
12345678901
1971	11	25
7	41
0
2
65
0

11120023
demo_23
11120023@zju.edu.cn
12345678901
1957	2	26
3	33
0
3
65
0

11120024
demo_24
11120024@zju.edu.cn
12345678901
1991	2	6
21	38
0
2
35
0

11120025
demo_25
11120025@zju.edu.cn
12345678901
1964	3	27
13	18
0
2
65
0

11120026
demo_26
11120026@zju.edu.cn
12345678901
1986	7	28
10	9
0
3
50
0

11120027
demo_27
11120027@zju.edu.cn
12345678901
1998	9	14
45	41
0
3
35
0

11120028
demo_28
11120028@zju.edu.cn
12345678901
1952	8	19
24	20
0
0
75
0

11120029
demo_29
11120029@zju.edu.cn
12345678901
2010	1	26
18	34
0
3
12
0

11120030
demo_30
11120030@zju.edu.cn
12345678901
1951	6	3
18	38
0
3
75
0

11120031
demo_31
11120031@zju.edu.cn
12345678901
2010	8	9
28	43
0
3
12
0

11120032
demo_32
11120032@zju.edu.cn
12345678901
1974	12	28
10	17
0
1
50
0

11120033
demo_33
11120033@zju.edu.cn
12345678901
2011	6	23
35	1
0
0
12
0

11120034
demo_34
11120034@zju.edu.cn
12345678901
1958	8	14
48	3
0
0
65
0

11120035
demo_35
11120035@zju.edu.cn
12345678901
1982	1	5
39	2
0
1
50
0

11120036
demo_36
11120036@zju.edu.cn
12345678901
1977	10	18
23	37
0
3
50
0

11120037
demo_37
11120037@zju.edu.cn
12345678901
1960	9	12
8	18
0
0
65
0

11120038
demo_38
11120038@zju.edu.cn
12345678901
2010	3	1
39	48
0
1
12
0

11120039
demo_39
11120039@zju.edu.cn
12345678901
1951	1	26
38	42
0
2
75
0

11120040
demo_40
11120040@zju.edu.cn
12345678901
2012	11	16
8	41
0
1
12
0

11120041
demo_41
11120041@zju.edu.cn
12345678901
1965	5	13
2	34
0
3
65
0

11120042
demo_42
11120042@zju.edu.cn
12345678901
1958	1	8
12	36
0
2
65
0

11120043
demo_43
11120043@zju.edu.cn
12345678901
1961	2	14
44	16
0
2
65
0

11120044
demo_44
11120044@zju.edu.cn
12345678901
2015	3	23
21	49
0
3
12
0

11120045
demo_45
11120045@zju.edu.cn
12345678901
1979	5	1
25	12
0
1
50
0

11120046
demo_46
11120046@zju.edu.cn
12345678901
1958	4	19
11	38
0
1
65
0

11120047
demo_47
11120047@zju.edu.cn
12345678901
1959	4	18
2	35
0
3
65
0

11120048
demo_48
11120048@zju.edu.cn
12345678901
2012	5	10
17	7
0
2
12
0

11120049
demo_49
11120049@zju.edu.cn
12345678901
1990	6	21
21	39
0
2
35
0

11120050
demo_50
11120050@zju.edu.cn
12345678901
1982	5	26
25	5
0
0
50
0

11120051
demo_51
11120051@zju.edu.cn
12345678901
2000	2	2
45	10
0
0
35
0

11120052
demo_52
11120052@zju.edu.cn
12345678901
1996	12	2
29	46
0
3
35
0

11120053
demo_53
11120053@zju.edu.cn
12345678901
2005	2	14
16	49
0
1
18
0

11120054
demo_54
11120054@zju.edu.cn
12345678901
1999	10	12
36	5
0
0
35
0

11120055
demo_55
11120055@zju.edu.cn
12345678901
1958	12	15
14	1
0
2
65
0

11120056
demo_56
11120056@zju.edu.cn
12345678901
2018	3	8
13	5
0
3
12
0

11120057
demo_57
11120057@zju.edu.cn
12345678901
1959	1	6
32	45
0
0
65
0

11120058
demo_58
11120058@zju.edu.cn
12345678901
2015	2	9
46	32
0
2
12
0

11120059
demo_59
11120059@zju.edu.cn
12345678901
1999	1	1
29	11
0
2
35
0

11120060
demo_60
11120060@zju.edu.cn
12345678901
2013	2	11
44	9
0
2
12
0

11120061
demo_61
11120061@zju.edu.cn
12345678901
1962	10	8
4	10
0
0
65
0

11120062
demo_62
11120062@zju.edu.cn
12345678901
2015	11	14
24	22
0
1
12
0

11120063
demo_63
11120063@zju.edu.cn
12345678901
1958	8	19
8	41
0
1
65
0

11120064
demo_64
11120064@zju.edu.cn
12345678901
2000	6	14
14	24
0
2
35
0

11120065
demo_65
11120065@zju.edu.cn
12345678901
1980	1	3
33	20
0
3
50
0

11120066
demo_66
11120066@zju.edu.cn
12345678901
2021	7	18
23	20
0
1
12
0

11120067
demo_67
11120067@zju.edu.cn
12345678901
1985	9	9
2	30
0
1
50
0

11120068
demo_68
11120068@zju.edu.cn
12345678901
2003	3	12
27	25
0
3
35
0

11120069
demo_69
11120069@zju.edu.cn
12345678901
1981	8	21
11	31
0
0
50
0

11120070
demo_70
11120070@zju.edu.cn
12345678901
1993	10	21
25	31
0
1
35
0

11120071
demo_71
11120071@zju.edu.cn
12345678901
2018	3	3
14	0
0
2
12
0

11120072
demo_72
11120072@zju.edu.cn
12345678901
1985	10	17
20	20
0
2
50
0

11120073
demo_73
11120073@zju.edu.cn
12345678901
1969	8	6
46	17
0
0
65
0

11120074
demo_74
11120074@zju.edu.cn
12345678901
1963	9	7
45	24
0
2
65
0

11120075
demo_75
11120075@zju.edu.cn
12345678901
1961	9	26
8	2
0
2
65
0

11120076
demo_76
11120076@zju.edu.cn
12345678901
1969	11	11
1	34
0
1
65
0

11120077
demo_77
11120077@zju.edu.cn
12345678901
1960	12	17
0	37
0
0
65
0

11120078
demo_78
11120078@zju.edu.cn
12345678901
1978	11	23
20	15
0
1
50
0

11120079
demo_79
11120079@zju.edu.cn
12345678901
1950	8	16
14	9
0
2
75
0

11120080
demo_80
11120080@zju.edu.cn
12345678901
1984	10	7
27	24
0
3
50
0

11120081
demo_81
11120081@zju.edu.cn
12345678901
1983	2	8
23	20
0
0
50
0

11120082
demo_82
11120082@zju.edu.cn
12345678901
2012	4	11
37	11
0
0
12
0

11120083
demo_83
11120083@zju.edu.cn
12345678901
1993	5	18
2	16
0
0
35
0

11120084
demo_84
11120084@zju.edu.cn
12345678901
2012	8	27
11	47
0
3
12
0

11120085
demo_85
11120085@zju.edu.cn
12345678901
2007	7	17
38	13
0
0
18
0

11120086
demo_86
11120086@zju.edu.cn
12345678901
1994	3	20
0	13
0
1
35
0

11120087
demo_87
11120087@zju.edu.cn
12345678901
1972	2	23
27	0
0
3
50
0

11120088
demo_88
11120088@zju.edu.cn
12345678901
2016	12	28
7	24
0
0
12
0

11120089
demo_89
11120089@zju.edu.cn
12345678901
2019	6	13
1	0
0
3
12
0

11120090
demo_90
11120090@zju.edu.cn
12345678901
2010	10	1
5	40
0
0
12
0

11120091
demo_91
11120091@zju.edu.cn
12345678901
1957	8	5
22	0
0
0
65
0

11120092
demo_92
11120092@zju.edu.cn
12345678901
1981	1	10
26	7
0
0
50
0

11120093
demo_93
11120093@zju.edu.cn
12345678901
1980	10	2
19	11
0
3
50
0

11120094
demo_94
11120094@zju.edu.cn
12345678901
1958	2	3
17	46
0
0
65
0

11120095
demo_95
11120095@zju.edu.cn
12345678901
2015	4	18
29	15
0
1
12
0

11120096
demo_96
11120096@zju.edu.cn
12345678901
1957	1	1
3	12
0
3
65
0

11120097
demo_97
11120097@zju.edu.cn
12345678901
2006	7	27
7	19
0
0
18
0

11120098
demo_98
11120098@zju.edu.cn
12345678901
2018	4	24
11	35
0
3
12
0

11120099
demo_99
11120099@zju.edu.cn
12345678901
2009	8	1
23	42
0
2
18
0

